
==================================================
Matrice creata:
[[ 0  8 74 56 20]
 [10 94 66 42 12]
 [33 37 11 61 90]
 [92 78 94 80 96]]

==================================================
Sottomatrice centrale:
[[94 66 42]
 [37 11 61]
 [78 94 80]]

==================================================
Matrice trasposta:
[[ 0 10 33 92]
 [ 8 94 37 78]
 [74 66 11 94]
 [56 42 61 80]
 [20 12 90 96]]

==================================================
Somma elementi: 1054
